100
5 5
769 904 679 866 793
399 235 429 691 723
823 373 489 45 926
348 518 220 504 845
503 125 83 932 28
3 3
309 204 531
98 485 699
46 503 218
10 10
727 619 285 878 308 827 148 627 944 979
104 552 12 77 454 657 742 519 320 197
391 928 224 142 517 954 134 254 153 827
496 984 660 327 209 551 707 237 671 251
697 211 420 870 279 798 290 815 134 616
663 932 833 868 18 772 717 630 193 223
669 475 725 871 286 596 938 914 331 856
544 541 346 612 540 164 460 285 458 736
999 480 867 553 663 250 356 429 666 186
64 696 156 937 417 864 282 634 17 742
5 5
791 937 160 48 22
907 432 934 825 591
34 457 385 573 34
80 552 517 134 300
57 224 905 722 880
3 3
825 576 370
683 933 979
131 526 959
10 10
839 843 216 643 925 7 305 8 362 574
146 663 849 678 438 646 153 290 942 528
394 333 217 672 576 733 332 522 251 18
497 598 537 403 963 599 527 959 211 293
1 995 244 795 212 25 377 662 414 922
141 632 144 922 675 444 788 593 725 167
50 289 339 116 462 777 454 350 920 705
766 985 694 758 595 660 437 461 865 984
266 481 937 709 954 269 572 250 599 793
144 187 816 868 394 520 635 487 491 467
5 5
123 555 843 438 542
444 598 414 444 120
856 8 519 521 476
234 314 335 238 251
969 628 545 494 590
3 3
469 710 62
252 294 62
336 936 566
10 10
949 832 381 187 742 780 778 790 792 382
599 492 807 726 196 851 934 686 953 712
45 413 170 99 479 968 224 896 527 728
393 178 764 476 587 603 398 926 353 766
912 43 222 272 214 369 582 746 768 162
428 513 580 699 653 825 590 654 836 438
988 100 273 702 161 915 314 680 320 311
841 168 377 408 866 184 479 107 880 334
605 113 911 315 212 177 544 323 40 24
627 616 893 672 57 278 737 612 965 856
5 5
783 300 723 572 704
21 971 716 330 382
326 859 165 938 370
724 558 438 274 335
903 96 702 541 256
3 3
592 349 825
151 497 502
425 370 302
10 10
442 983 508 218 725 256 345 772 46 827
599 143 890 207 215 117 142 810 24 959
569 878 404 821 931 847 212 487 758 917
942 936 584 260 722 569 915 278 520 603
654 648 372 410 520 355 64 679 137 327
490 442 343 656 991 374 871 758 134 689
274 359 558 760 671 879 725 222 292 241
989 955 338 711 982 143 326 232 39 886
117 235 196 233 249 711 566 632 882 891
910 586 930 760 185 674 418 595 138 275
5 5
15 115 497 887 554
949 46 978 378 19
419 843 240 185 253
476 113 183 431 696
468 280 177 337 463
3 3
803 564 165
99 249 473
24 394 199
10 10
796 866 54 260 319 125 905 359 966 735
808 704 761 482 619 888 77 737 863 634
20 126 88 301 276 952 412 120 292 675
563 482 298 679 692 701 412 983 134 663
192 430 118 626 942 509 33 223 422 100
507 300 53 211 679 118 547 988 24 225
731 34 792 88 740 244 724 382 906 544
78 58 888 929 840 912 755 99 538 397
61 591 369 148 102 202 474 831 788 129
675 523 181 799 406 259 303 625 536 518
5 5
506 598 246 143 930
844 478 678 221 985
956 490 315 895 255
895 57 179 534 753
183 230 290 136 270
3 3
800 86 969
634 549 207
697 833 61
10 10
638 764 875 22 694 467 416 745 547 284
32 964 810 838 114 532 954 778 132 368
297 904 845 335 894 482 919 106 12 399
367 690 211 660 840 849 881 479 551 577
552 810 900 111 607 431 802 925 979 14
115 549 208 764 476 937 66 964 122 615
775 815 606 653 299 657 78 391 281 79
43 790 364 800 459 96 487 915 196 665
645 634 692 255 917 901 947 113 60 184
16 250 123 525 62 868 505 430 602 289
5 5
192 328 725 774 234
386 105 724 937 522
805 929 448 82 537
181 831 97 907 452
30 201 248 56 425
3 3
677 544 949
98 977 482
479 693 556
10 10
393 629 349 428 303 613 207 879 857 366
113 306 118 457 324 467 926 378 338 68
211 525 481 573 276 560 508 834 369 108
95 996 321 982 167 814 188 857 173 726
296 75 631 638 421 863 606 552 301 703
761 829 474 443 749 195 101 779 376 473
385 322 161 791 150 399 885 731 947 832
690 115 253 552 763 185 180 706 764 212
176 703 779 886 336 433 572 513 851 51
272 815 190 981 666 688 613 107 242 401
5 5
966 774 946 232 227
967 562 837 503 687
424 601 765 82 467
808 963 702 98 41
529 179 124 34 122
3 3
516 798 775
545 803 840
175 346 190
10 10
962 558 929 624 304 577 542 572 282 881
95 446 486 9 336 712 245 501 139 528
91 595 918 141 525 239 68 6 171 829
907 184 956 120 257 416 348 823 346 599
694 456 973 499 879 505 527 519 452 538
82 929 541 581 41 832 869 844 854 31
968 832 648 534 743 100 266 126 832 497
457 635 933 565 291 135 690 510 218 463
697 526 281 345 599 512 551 503 581 979
40 134 758 664 500 287 749 975 738 682
5 5
951 884 971 778 258
967 817 248 350 824
975 55 793 724 368
107 722 876 461 199
205 786 775 192 690
3 3
701 614 846
274 330 261
993 920 26
10 10
640 383 719 528 399 768 43 619 89 539
342 215 107 825 37 951 965 881 101 526
300 698 672 234 264 383 191 920 645 659
428 86 786 205 854 517 504 714 512 745
282 366 500 750 939 692 2 663 96 398
780 32 1000 308 995 159 979 823 755 47
953 794 610 938 483 219 742 906 544 104
996 578 167 147 519 80 996 494 115 744
143 520 416 99 836 698 65 721 799 165
411 864 398 232 164 156 227 335 336 647
5 5
687 403 273 559 112
256 822 956 315 113
448 943 187 472 844
977 639 140 489 371
748 820 774 163 671
3 3
187 980 740
153 892 352
229 726 459
10 10
673 171 264 990 503 955 211 242 112 485
468 66 112 630 609 958 716 488 703 885
92 410 744 681 148 796 29 877 884 355
69 381 66 274 180 807 451 572 618 827
112 639 382 713 692 235 474 588 705 714
609 803 890 252 26 677 541 914 351 546
611 736 393 44 130 286 595 803 457 432
938 999 927 321 450 931 847 326 819 298
779 493 69 473 273 984 905 822 887 154
544 705 20 879 892 316 588 190 715 604
5 5
153 688 927 71 693
20 924 891 680 621
386 304 486 222 235
807 398 379 457 18
938 907 951 718 132
3 3
406 1000 601
255 951 788
6 244 597
10 10
837 716 731 305 178 232 151 79 355 347
141 358 937 314 908 30 666 774 254 626
869 960 816 765 431 332 282 948 668 427
495 499 405 905 468 47 579 87 118 932
720 709 656 736 722 474 650 33 128 164
231 690 138 865 442 182 62 727 694 132
574 58 939 581 44 451 554 134 375 694
78 598 893 149 829 668 109 392 796 577
541 857 332 360 257 83 427 72 754 829
485 672 923 167 679 229 266 396 457 242
5 5
56 44 862 254 946
788 619 304 56 629
972 540 24 569 680
650 546 708 450 530
435 805 682 357 420
3 3
900 962 69
432 120 786
11 845 899
10 10
159 648 244 82 531 31 183 619 626 843
709 993 242 562 799 397 157 937 334 73
1 425 730 112 836 586 138 303 527 787
397 217 170 353 808 908 715 70 181 333
624 169 341 218 809 83 566 573 426 595
456 858 60 493 35 167 663 644 780 358
328 495 343 785 185 864 933 726 905 548
145 192 963 644 23 197 411 845 995 760
988 547 556 475 323 104 358 869 23 212
486 267 739 586 201 784 352 409 191 312
5 5
708 168 69 512 723
128 573 293 409 722
18 554 145 601 541
426 552 191 507 474
353 760 649 308 530
3 3
605 127 342
651 423 428
119 184 520
10 10
745 323 187 258 111 956 147 570 736 196
287 799 494 823 894 245 645 372 676 51
230 279 713 707 404 869 283 198 381 957
431 644 959 910 372 912 927 638 799 928
676 242 790 389 748 316 445 88 620 675
294 346 865 295 724 774 836 889 1 743
548 297 105 331 141 16 34 245 639 336
897 660 353 610 829 25 296 977 138 633
57 477 928 672 168 901 20 345 2 457
579 700 789 909 613 236 662 748 331 563
5 5
70 61 751 118 363
482 314 689 212 695
896 478 484 989 558
833 156 617 734 832
125 748 618 527 741
3 3
794 125 785
183 647 818
10 354 144
10 10
730 376 539 732 789 144 678 596 696 645
141 828 416 629 220 77 703 579 244 466
708 854 72 773 860 392 108 151 792 909
873 933 828 997 501 839 134 671 647 5
491 652 474 571 534 536 473 79 671 827
152 865 427 455 733 491 164 608 342 775
535 815 391 881 938 499 54 463 200 624
573 296 263 554 932 827 194 817 60 583
310 8 650 443 843 782 591 976 870 289
800 472 37 973 922 271 597 45 785 119
5 5
440 199 421 563 880
629 990 363 763 783
755 973 763 529 168
987 881 130 296 610
609 540 12 526 784
3 3
896 516 241
465 882 529
439 758 507
10 10
294 486 865 831 488 139 870 72 329 348
220 122 253 139 348 388 737 225 961 373
234 44 620 60 180 630 830 217 104 345
908 529 507 426 20 153 998 22 301 655
238 127 2 634 10 604 282 964 709 419
732 493 17 104 931 231 168 589 500 26
580 217 453 837 407 498 871 64 351 373
565 669 426 723 129 205 556 806 850 788
109 267 325 406 59 380 326 729 392 654
9 650 108 6 537 423 272 607 948 639
5 5
707 585 733 680 757
695 570 518 597 593
351 738 152 18 46
566 622 322 434 889
406 39 961 566 120
3 3
550 219 284
343 403 433
821 650 451
10 10
597 596 546 273 515 854 293 907 228 129
83 589 904 917 895 44 504 674 95 814
787 17 216 422 206 395 937 133 407 111
740 549 807 124 589 976 385 270 989 261
398 624 791 254 314 962 371 309 580 889
858 494 398 511 600 691 430 194 922 262
624 439 914 436 786 637 807 668 412 368
153 357 623 143 229 965 995 374 426 750
799 609 564 674 143 236 862 993 871 821
257 49 577 779 219 621 494 355 495 367
5 5
569 985 114 751 233
936 740 756 940 704
309 208 658 938 866
621 810 81 662 63
272 100 242 868 472
3 3
181 632 716
512 371 93
18 68 89
10 10
131 97 208 65 40 378 688 621 221 858
832 24 7 54 92 608 659 44 467 815
6 486 910 515 172 767 291 860 267 883
221 977 61 302 308 884 109 749 932 336
451 194 270 849 497 532 858 305 288 681
245 808 655 239 268 860 769 584 780 633
981 72 56 48 731 510 427 832 869 285
361 985 792 284 164 663 921 530 869 642
490 459 624 513 837 130 438 642 424 632
714 433 892 910 71 476 398 816 126 977
5 5
865 923 787 173 640
658 46 93 216 96
686 190 283 73 853
598 345 260 848 666
572 565 814 216 267
3 3
103 906 575
998 602 751
423 421 251
10 10
764 349 202 240 679 729 894 475 614 867
719 937 880 832 64 621 931 31 109 494
119 469 592 763 578 910 113 450 867 7
441 827 257 861 960 541 626 750 799 270
615 25 782 752 371 412 21 837 77 66
824 862 48 492 619 107 361 280 732 972
131 269 632 809 425 372 904 408 271 709
21 268 457 340 155 751 784 114 132 594
692 570 531 779 56 994 688 934 866 587
722 286 482 308 403 37 383 332 504 26
5 5
853 270 768 12 257
295 300 228 263 128
606 48 837 652 364
72 729 356 532 709
295 809 49 191 107
3 3
642 850 848
771 293 32
767 60 562
10 10
521 928 829 985 773 851 84 824 304 851
491 421 407 58 403 921 141 506 164 778
527 869 280 204 350 296 2 909 73 311
109 527 44 88 146 846 600 49 215 519
632 409 211 102 69 238 718 359 776 343
591 278 859 908 987 346 156 834 146 606
733 907 183 446 627 475 723 348 628 671
587 52 103 409 325 769 583 165 38 413
279 769 131 742 669 676 846 26 557 902
426 815 465 81 170 633 108 700 929 196
5 5
130 71 83 150 945
151 662 782 307 213
229 344 18 227 726
505 544 851 228 739
809 751 147 204 194
3 3
459 860 962
609 379 454
438 348 793
10 10
837 291 510 313 396 988 215 60 436 41
27 737 836 96 196 153 728 857 49 587
544 590 454 56 361 580 17 395 143 878
954 312 134 526 485 647 911 924 545 511
294 794 650 225 135 841 454 648 36 121
229 20 22 924 626 863 448 640 949 720
628 159 169 916 6 956 19 799 524 103
726 564 649 395 195 991 983 833 773 584
797 254 359 562 312 93 522 987 550 137
917 668 99 696 755 498 338 668 63 245
5 5
209 714 960 82 560
729 985 119 269 299
920 323 9 650 373
408 516 770 96 62
54 932 524 71 923
3 3
90 86 127
449 200 882
456 821 130
10 10
474 978 146 547 937 219 306 548 296 519
889 314 756 77 896 461 239 273 989 825
517 925 44 769 667 402 51 847 117 195
201 525 174 306 919 685 978 881 159 790
495 397 975 995 863 31 446 329 931 358
818 42 322 713 22 820 562 345 424 118
516 394 601 100 665 456 31 705 733 701
78 653 225 424 243 545 879 775 805 846
818 119 480 453 682 666 658 922 582 827
499 892 18 117 934 175 991 539 947 787
5 5
488 503 436 43 361
536 986 491 1 753
140 738 690 565 19
986 812 626 233 296
504 144 922 347 567
3 3
819 699 528
434 131 322
233 223 377
10 10
746 380 286 830 431 513 544 531 790 852
404 919 390 281 866 75 424 730 391 961
223 1000 696 984 599 430 611 702 910 753
244 291 997 405 693 268 884 586 861 979
268 106 415 765 998 388 738 987 698 623
240 829 32 590 813 129 651 973 589 981
870 953 214 983 158 952 683 504 653 477
484 574 805 772 15 10 112 601 738 575
244 386 573 329 733 327 771 360 857 885
419 123 886 520 782 69 408 10 564 68
5 5
66 619 601 629 846
274 829 539 722 234
610 148 140 888 842
368 777 813 924 447
779 952 258 589 542
3 3
116 57 636
831 797 220
166 680 454
10 10
578 55 622 947 669 71 113 174 555 481
820 923 558 7 383 657 969 74 556 672
217 609 977 878 25 846 638 746 270 856
363 575 90 332 407 265 904 637 77 346
636 37 388 33 48 324 543 162 686 931
780 179 256 516 808 974 267 419 950 617
228 471 799 519 471 212 778 616 994 613
29 283 497 502 55 582 341 33 869 892
966 103 701 181 791 233 264 833 475 994
863 683 869 372 402 980 476 353 357 568
5 5
173 82 662 461 386
739 638 733 708 193
532 997 117 467 842
194 392 922 136 351
776 135 465 461 108
3 3
921 470 825
678 713 647
735 955 74
10 10
861 447 326 857 962 272 850 736 256 360
710 152 446 991 379 773 917 649 32 898
613 137 708 657 650 46 288 759 146 998
446 870 696 777 470 482 685 865 306 488
119 601 898 126 228 340 731 479 919 890
509 755 658 96 102 270 539 104 71 337
291 419 261 866 190 601 670 831 786 755
309 634 889 755 502 917 471 678 724 313
57 632 919 209 904 494 677 489 88 776
743 237 461 979 243 822 779 535 929 447
5 5
521 891 22 387 606
805 828 836 850 852
890 919 557 302 222
151 696 944 220 341
206 333 852 772 165
3 3
132 337 30
854 140 820
720 790 375
10 10
233 952 377 120 29 845 487 573 981 385
173 888 824 257 111 836 851 959 56 617
617 314 623 575 834 62 985 76 886 459
737 912 290 566 349 640 801 630 406 804
552 145 472 159 887 25 745 590 34 196
824 929 34 829 792 236 590 322 658 57
923 299 942 89 873 743 229 978 140 852
360 737 204 504 224 192 400 152 823 158
409 642 120 354 954 603 347 627 269 834
56 282 719 887 21 466 405 790 868 577
5 5
579 300 947 458 214
585 660 449 302 850
224 779 887 497 873
544 753 117 329 679
553 682 161 673 457
3 3
715 872 465
295 927 488
660 148 80
10 10
392 693 921 638 949 391 525 2 61 102
59 210 316 792 70 897 637 842 397 973
854 887 770 777 121 553 456 918 659 482
647 316 60 161 928 719 967 907 134 856
509 265 887 923 386 965 970 774 44 44
893 951 551 801 242 629 204 191 400 38
691 919 24 964 516 737 17 128 363 502
267 899 329 623 916 966 176 238 156 852
803 433 670 87 263 70 550 829 210 174
492 866 705 737 285 257 623 600 597 374
5 5
987 889 382 167 525
605 20 849 806 260
906 149 474 33 939
917 727 356 104 247
659 849 165 117 123
3 3
91 969 243
995 468 61
421 105 656
10 10
431 43 766 611 509 91 980 15 295 631
851 994 976 55 881 467 119 825 649 47
455 190 940 784 718 359 14 642 96 86
799 941 219 871 6 920 177 376 585 577
327 459 93 639 945 302 62 86 631 963
988 575 177 522 550 919 956 995 475 408
64 994 806 550 928 151 309 441 332 35
119 22 574 672 750 436 922 536 788 148
949 267 904 243 406 875 559 40 566 575
831 605 517 514 351 728 804 973 394 850
5 5
482 930 207 948 340
677 81 832 307 408
192 459 114 974 260
536 857 4 258 101
34 325 509 200 631
3 3
210 584 824
182 491 325
493 514 157
10 10
232 512 533 590 229 634 958 952 852 467
31 319 39 609 610 603 391 455 128 419
952 231 45 299 145 371 755 486 154 888
229 156 116 696 157 356 726 484 526 619
448 828 166 696 687 137 4 888 270 918
267 945 406 365 743 115 139 134 405 830
294 761 644 317 939 961 816 209 485 866
158 228 726 51 967 257 754 39 932 72
623 74 230 681 283 617 263 226 567 255
819 44 129 188 880 536 593 302 876 114
5 5
688 160 737 642 355
694 819 560 285 129
669 794 918 273 281
302 785 703 609 465
552 603 773 629 138
3 3
163 965 859
115 673 713
454 593 922
10 10
290 459 791 924 149 805 415 224 532 134
377 95 524 314 51 529 947 848 483 201
367 846 161 939 831 592 766 101 379 603
15 30 324 748 107 64 654 112 739 724
802 173 606 121 345 759 924 645 182 95
119 137 440 59 464 722 533 927 637 840
852 791 301 439 959 456 297 830 409 545
859 733 602 246 158 39 991 199 636 330
466 770 868 712 144 425 983 814 969 707
946 540 337 927 175 258 813 279 885 448
5 5
696 192 926 805 376
320 200 132 636 353
820 978 42 487 78
946 750 682 668 658
731 627 380 418 671
3 3
4 908 278
280 601 267
728 248 154
10 10
382 509 248 576 540 716 307 163 851 192
339 870 686 381 11 43 439 163 118 674
554 464 717 799 380 773 424 252 928 455
568 998 742 914 552 116 250 177 473 117
117 604 472 263 177 992 622 749 834 561
320 394 902 87 428 474 681 609 173 563
872 544 988 863 627 115 205 409 566 325
705 42 404 309 871 492 34 768 971 530
13 99 917 461 175 239 128 516 695 80
570 867 569 33 354 533 774 523 318 395
5 5
680 820 325 1000 557
958 849 832 875 238
397 268 836 652 857
903 379 92 652 884
488 703 700 394 743
3 3
941 65 983
956 525 210
669 694 629
10 10
313 71 5 323 950 999 509 671 511 487
67 893 981 47 928 819 436 650 334 832
262 809 358 348 191 627 672 119 61 943
87 599 631 870 712 427 311 530 125 415
115 633 383 729 916 927 764 32 728 574
768 484 598 490 188 608 59 356 621 251
535 3 432 9 867 985 73 553 622 722
187 861 692 130 305 343 516 878 870 660
792 910 139 40 599 912 12 902 819 642
918 183 592 823 784 219 264 978 468 83
5 5
569 99 856 789 692
205 869 833 984 738
925 221 774 921 885
433 151 753 954 646
913 238 678 467 965
3 3
686 558 80
604 431 868
657 850 177
10 10
894 227 276 427 298 295 229 463 262 787
685 336 151 779 482 713 126 198 412 665
193 20 376 95 900 49 26 41 450 594
74 297 848 15 348 449 62 347 557 402
882 54 584 24 548 786 113 507 331 447
772 924 396 218 785 200 772 619 144 569
75 805 688 289 672 962 335 940 337 349
538 191 329 764 899 514 304 757 303 881
494 538 627 588 106 71 350 600 562 740
624 901 572 23 515 335 980 910 699 89
5 5
800 180 181 294 382
852 541 210 724 435
973 990 228 317 724
530 521 773 369 429
733 435 277 802 840
3 3
106 313 558
168 912 224
289 706 905
10 10
780 135 446 202 963 214 883 764 732 25
82 581 647 916 340 298 17 457 952 834
276 790 484 926 331 521 718 331 608 602
380 467 462 199 698 138 220 828 537 461
550 820 748 944 346 575 409 41 849 126
81 537 140 340 694 652 161 558 263 317
542 224 812 696 371 74 544 175 135 990
237 698 226 433 72 322 827 6 822 964
190 100 402 300 817 434 522 213 109 981
185 613 520 150 734 336 571 499 755 549
5 5
704 984 818 230 561
855 980 556 247 896
974 570 48 581 760
398 154 50 939 922
307 733 688 202 189
