100
2
200 100 100
2
1000000000 1000000000 1000000000
2
1000000000 100 1
2
250000001 0 1000000000
1
3756713 6163704
2
8164559 1455768 111669
1
710880 1108505
1
8641334 6936157
2
12865025 4036205 1471042
1
8736230 5441215
1
7778491 4510243
1
3453820 2225816
1
5030171 8297627
1
5898236 7179219
2
3439600 3829169 3007637
2
2954326 1600620 3992910
2
8872857 4073656 8598727
1
8549913 7616213
1
2038270 701654
2
6515662 5293914 5037602
1
1765700 2213242
2
13183274 3445732 3425711
2
7235046 1784316 7095540
2
7578708 5269070 6991834
1
3421494 4525245
2
14041388 3369771 5247628
2
10241280 9704445 1662382
1
2464211 4266666
1
3493441 2399374
2
15599520 3203413 1402764
2
9404529 2342555 2445853
2
11933071 4469717 4153254
2
4167437 1594111 672038
1
7608359 9866080
1
4854143 3792983
2
9823271 4184748 9235602
2
4936726 4607368 4148240
1
6096193 5077040
2
5113796 5277756 3736524
1
5510243 9896460
2
16705578 8629865 7358305
1
1252804 403117
1
2983509 3194588
2
8749944 9884572 8115462
1
4518493 1459404
1
5882289 6297128
2
3554031 2414916 4889979
1
7674871 5392182
1
7797711 3784081
2
12547495 7244238 3551246
1
8388410 7630012
1
6177746 1872562
2
6501705 6660219 7255100
2
7875531 2378554 3045520
1
5576527 2466314
1
6783234 8975219
1
5588586 2886792
1
8686432 9058604
1
9824120 6048062
2
3460803 3062243 2686158
1
4286195 6605501
1
5354115 7723502
1
9560496 1937677
2
10690316 6861112 1099786
2
6047119 2099515 199760
1
4147641 6351009
1
3841657 6772786
2
15772065 5981641 3641701
1
1838043 2748948
2
9554042 5661675 9113207
2
8922761 2331410 8912872
2
17098938 6518058 6806187
1
8210808 9275676
1
4831077 5987292
1
4129506 5904678
2
10209409 8696940 1112958
2
5195356 6451295 4617277
2
5429269 5584806 1052836
2
12639482 1493150 673740
1
5118303 8632477
1
1552593 1171478
2
4525215 1464788 1763258
2
6512289 8029873 3786984
1
5725820 6222634
1
6166095 9518093
2
6148378 8962189 1742658
1
4309012 1727620
2
11631586 2428200 572645
1
5283151 5959788
2
9091930 8532706 9302659
1
4654430 1550841
2
9556692 7024070 1161389
2
7556094 9466436 2794801
2
7257370 629201 489494
1
7549345 4627350
1
3812476 6831143
1
5681288 5329497
1
2832125 4565995
2
5878728 3352701 4331548
1
3574276 5388607
