100
2
200 100 100
2
1000000000 1000000000 1000000000
2
1000000000 100 1
2
250000001 0 1000000000
2
9478656 895554 730354
2
10450373 2482127 9832229
1
3719931 4501195
1
6444373 9025905
2
8679650 9946275 5152703
2
11534027 1899794 593624
1
5892835 1820194
1
4969432 2388707
1
1004434 1546108
1
6716372 6379332
1
7811740 7422380
1
1713655 2378634
2
8036882 8000263 8124682
2
13366995 8065454 5327908
2
4429706 764095 212791
2
17112150 5917155 2714637
2
8610931 7263697 9187440
1
1978143 3254620
1
1410955 1131166
2
5411015 4055597 4744039
1
2156127 3813653
2
11669079 1724831 934841
1
3590205 3397572
2
8650906 1947517 3543215
1
1327575 2255600
2
11911410 1838585 1483079
1
8710638 3783219
2
12945515 2707256 6643370
2
14070065 9578161 4659572
1
7592029 3168495
1
5537540 8575479
1
4890104 8675655
2
8820488 8939469 4167651
2
8985859 3261941 1024537
2
10417009 9274333 7707958
2
7233106 6200461 2072347
2
11185199 7546389 8304545
2
4967938 3512900 3626059
2
8193840 2238781 9277690
2
6867369 1045658 342773
1
2637130 4678507
2
4702716 5585411 3481078
2
11675665 3848985 4319800
2
9130244 3702797 8480591
1
1239247 1025243
1
3523642 1553129
1
6072906 4985957
1
1134216 1350684
2
6924778 7110563 5414982
1
4570149 2156005
1
4337935 3668387
1
3985018 2153445
1
729581 1072562
1
2863481 1263087
1
5829749 6545313
1
3383088 5974537
2
14746967 1820041 1231547
1
4960596 2683083
1
8018801 8930974
1
3412560 3997632
2
6954370 6141249 8615046
1
5012657 8613869
1
1895797 1066840
1
8825344 5274914
1
3394634 4214486
1
4289069 1831459
2
10389745 327353 732206
2
4733043 2846936 8102210
1
1002388 369214
2
6520438 8050475 4625967
2
7765222 9657190 2011832
2
10411697 2999853 125375
2
7339778 1771035 6910111
1
7264299 5516550
1
2193144 3317834
2
3064062 410729 104737
1
1978641 463154
2
10631964 4084405 2944959
2
8626043 6636117 9503537
2
2997310 1733776 2862377
1
7003306 5138259
2
4240853 6743316 1367212
2
7442730 5462433 1349690
2
13978700 3031125 426428
1
2835657 4512896
2
13675252 2062066 684875
1
8342157 7560164
1
9111316 6399370
2
9482252 1560013 5324222
1
3429382 1391975
1
6534981 3244460
1
3463377 3613234
2
5530339 3650596 8333221
2
15119256 5916611 1880208
1
3541158 5718893
2
3871793 4401242 2625478
